1899343204864
13271467263821
21857588066579
49929075475014
53308421800625
66711742247251
85707395379833
86782050065884
88374726191021
88941796536831
90960195015553
94180459073943
94845008304221
95435827895189
97625557102617
98843908953632
123652131890316
124759825490343
127618179052215
129767250321767
131412434228539
137252086850746
144208986644184
146737383174987
147075549401997
148763657971625
151086457130187
158082565498867
159854058534106
162597031387605
168945557454789
177193118944509
186464369683011
186999758574420
197081579879026
216597857674943
224338694488302
225980937155579
232456682563057
233661608293607
234285511816048
241051748940356
256631026033775
256830685202683
259020922981259
261476205706009
264798413038313
266708336861867
270410018912054
270929146720030
271456800040419
272832847974964
274776659543022
275292344001345
277337968010624